0,1,1440
1,1,21770
2,1,5200
3,1,1570
4,1,22650
5,1,10100
6,1,2650
7,1,3730
8,1,7980
9,1,6470
10,1,18180
11,1,8120
12,1,1050
13,1,3880
14,1,8610
15,1,4030
16,1,41680
17,1,5840
18,1,6520
19,1,10840
20,1,6800
21,1,17940
22,1,9920
23,1,17340
24,1,14150
25,1,14930
26,1,1640
27,1,5150
28,1,18290
29,1,12190
30,1,27620
31,1,10480
32,1,16040
33,1,17200
34,1,2280
35,1,3340
36,1,13640
37,1,15180
38,1,4170
39,1,5480
40,1,17890
41,1,11650
42,1,30530
43,1,750
44,1,5770
45,1,8320
46,1,32960
47,1,3710
48,1,69480
49,1,11860
