50,1,11760
51,1,67680
52,1,74950
53,1,12480
54,1,9900
55,1,54160
56,1,42410
57,1,134030
58,1,73820
59,1,31680
60,1,12350
61,1,28180
62,1,61250
63,1,26670
64,1,20840
65,1,21710
66,1,25670
67,1,23610
68,1,96100
69,1,6600
70,1,101480
71,1,15530
72,1,60810
73,1,19520
74,1,98350
75,1,76020
76,1,177180
77,1,104930
78,1,54540
79,1,25830
80,1,70100
81,1,194540
82,1,24350
83,1,10470
84,1,26740
85,1,31610
86,1,21220
87,1,21710
88,1,83430
89,1,44440
90,1,14580
91,1,28620
92,1,64970
93,1,110110
94,1,68450
95,1,120
96,1,42040
97,1,42650
98,1,38410
99,1,22990
