50,1,2980
51,1,16090
52,1,16330
53,1,2600
54,1,2300
55,1,13630
56,1,7020
57,1,32470
58,1,16030
59,1,8080
60,1,3560
61,1,6900
62,1,14150
63,1,5990
64,1,4930
65,1,5790
66,1,5960
67,1,6130
68,1,21440
69,1,1260
70,1,24260
71,1,3520
72,1,12610
73,1,3680
74,1,20000
75,1,16310
76,1,33890
77,1,23080
78,1,11510
79,1,6720
80,1,15990
81,1,38530
82,1,6320
83,1,2760
84,1,4560
85,1,6980
86,1,4140
87,1,5580
88,1,19830
89,1,8920
90,1,4540
91,1,7010
92,1,13890
93,1,23680
94,1,15230
95,1,120
96,1,9160
97,1,9430
98,1,9560
99,1,5420
